0.7853981633974483
0.4636476090008061
0.24497866312686414
0.12435499454676144
0.06241880999595735
0.031239833430268277
0.015623728620476831
0.007812341060101111
0.0039062301319669718
0.0019531225164788188
9.765621895593195E-4
4.882812111948983E-4
2.4414062014936177E-4
1.2207031189367021E-4
6.103515617420877E-5
3.0517578115526096E-5
1.5258789061315762E-5
7.62939453110197E-6
3.814697265606496E-6
1.907348632810187E-6
9.536743164059608E-7
4.7683715820308884E-7
2.3841857910155797E-7
1.1920928955078068E-7
5.960464477539055E-8
2.9802322387695303E-8
1.4901161193847655E-8
7.450580596923828E-9
3.725290298461914E-9
1.862645149230957E-9
9.313225746154785E-10
4.6566128730773926E-10
2.3283064365386963E-10
1.1641532182693481E-10
5.820766091346741E-11
2.9103830456733704E-11
1.4551915228366852E-11
7.275957614183426E-12
3.637978807091713E-12
1.8189894035458565E-12
9.094947017729282E-13
4.547473508864641E-13
2.2737367544323206E-13
1.1368683772161603E-13
5.6843418860808015E-14
2.8421709430404007E-14
1.4210854715202004E-14
7.105427357601002E-15
3.552713678800501E-15
1.7763568394002505E-15