0.7071067811865475
0.6324555320336758
0.6135719910778963
0.6088339125177524
0.6076482562561683
0.607351770141296
0.6072776440935261
0.6072591122988928
0.6072544793325625
0.6072533210898753
0.6072530315291345
0.607252959138945
0.6072529410413973
0.6072529365170103
0.6072529353859135
0.6072529351031394
0.6072529350324458
0.6072529350147724
0.607252935010354
0.6072529350092495
0.6072529350089734
0.6072529350089043
0.6072529350088871
0.6072529350088828
0.6072529350088817
0.6072529350088814
0.6072529350088814
0.6072529350088814
0.6072529350088814
0.6072529350088814
0.6072529350088814
0.6072529350088814
0.6072529350088814
0.6072529350088814
0.6072529350088814
0.6072529350088814
0.6072529350088814
0.6072529350088814
0.6072529350088814
0.6072529350088814
0.6072529350088814
0.6072529350088814
0.6072529350088814
0.6072529350088814
0.6072529350088814
0.6072529350088814
0.6072529350088814
0.6072529350088814
0.6072529350088814
0.6072529350088814
